# Refined imaginary parts of zeros of L(s, χ_4 mod 5), character Dirichlet 5.4 (LMFDB label 1-5-5.4-r0-0-0)
# Source: LMFDB download_zeros (positive_zeros, ~30 dp), Newton-refined via Hardy Z
# Note: LMFDB provides only 129 zeros (up to t≈199)
# Working precision: dps=50
6.648453344727714716123278459979317847298585422938709
9.831444432886669616348321347458443821888132893387186
11.95884562608351453026565868826284181729311277275682
16.03382112838423567459325378224808350874930368470881
17.56699429232555520270159526814448640348524091108573
19.54073262278475025037869002299855348552649347627528
22.22740545445941091187762496308147336528064264059232
24.58846621740819520765626997608197906624785718780100
26.77609594800414011652357496527094858628937008001313
28.46103510017752247518697827232525627120073467348688
29.70790935048096556923098651865731360597019648004889
33.00045600687051436794975917721193731737650068757879
34.72881297890480867414372983398137913656400798344830
35.86863837181227459459504863887642633338418175266872
38.12918472143653185015141827037291892621618716988503
39.56057294640318170505509505995479842556682535385965
41.84243854579169430850930688531293314678522693340789
44.03129006144169504470090805842492251475644186721389
45.42730008278228938884156190960972064996587473534567
46.49272715949140534533919935167583367326382655111518
48.34566182106784617654820130449348692994521588338805
51.08775192674649135525825720413124551393182259722480
52.12590223131697418860413069593030052496929391291512
53.83044519544216335105426902233856893733917071427515
55.58928033540481015096458899849297066663375670433738
56.83886594289098846238170108797962587378750282136201
58.38611748535838082679392574231706229678525292232113
61.13886475192174510909546391557242545618756519249214
62.13290472023387793407152944038354313667197756264849
63.70954306098114677179849483633568024632072977013254
64.63735966537457410108858995751446916961441850418256
66.74764184593780783043349633252227779905627892131416
68.59072792482500654083351506803097099430937186264125
70.11583715919350470225416200328850112253488081321124
71.60595947924301719947722738129248765067483778736651
73.35010543146825932498648130968746359238007929403567
74.29368843801656841756391957332374675265616330804801
75.53490411722811340534598954768772483829780181123005
78.07217086438233719405143182367280285607327390610931
79.78606249009793910637157124317161763126186917681829
80.56730085641069826137375767766186764197229458149799
81.92338089315411531196798955390591419551979080486737
83.69915700187411316288328839224005567648071240896233
84.95250710375497366184690466048511386622481462442257
86.80999667933877049696245382412386553910730589005706
88.28177659970983559362190806936556891137194319416339
90.37657318212815680296326629855278663634575101113212
90.71552593314697497726905202161346076571100989971454
92.45024325377440322265665160994016653262565160755490
93.39442393782801740098264609244814545605289253927081
95.97000164603770693983270623168091485034436214756918
97.33158825289807159058288123962799366334445687314614
98.22745786990107707706154719656202332779354844897774
99.83805080753654989245817874044372732309471865639092
101.1877170969186106879893673648615779856303956832692
102.6052879410500105919016338097244199966334774015571
103.6661310797677629747891494548931064951051111341645
105.9731937977587861297183750394317655839089623634315
107.2971036375259575240109457236330672603545931900376
108.4981066242615983601377772869913646076568520690779
109.5502586071841272439535415119528096196195065491989
110.6361976726278518372473829197474157598718951409210
112.6157699450494525603420477631256573284904000097337
114.2306398723819524205236259115864715634752773287133
115.5784139823770731492864674907752976644587353638002
116.6356717597837992860716616244380290420850408028796
118.3711623063552621519304519550474639914856548315231
119.5614916258800030014640284654174824520291753353644
120.2817341918527579929633987893433395906991359518120
122.0616322838941436366460069970312459167329049591423
124.2428371489503574456280462431539381366392062151634
125.2815361690544786849959629329922579004633312322562
126.3986993784245731137991303757675004132192700219097
127.3206348281152351166040431083884153111288444114568
129.0483000943208951329053997018161493807340026869694
130.1970382668577478738346244894136617196218669169046
132.0860053031175217593818811988220993124226915757276
133.0302283883319444007316023118379973226202506537613
134.9249638941115606306389354461440563212716923870397
135.8744976900983831529154942879362038033124413281270
137.2010834668406301716830996653811071822066892770697
138.0356990313049020042749619065482729585857817149301
139.4105995951457328667296699990735809900833518233095
141.9462405516049128078346136764138632079930803654928
142.5245124329877516499138087023775533114539935590183
143.9615911232873249679700260946989275500715386228690
144.9483276132617096716684583857500230575404813938356
146.3848096091094233623717818286364786730892077123975
147.8797291031824647001555355926284591276893973963304
148.6791376989272828780655871531489156030918464346726
150.5625106711582684678831224180073436626247025965292
152.1147485501154030930412343288739204270768307301743
153.2874104994293314602247720515393224042042620941353
154.4907156955163636384604753696533838899948836119422
155.2420799990558198969997928035576763043815255499448
156.4997285439414899913040309653704544908218663362372
158.4000270418246442479812803196489920645070375835747
159.8727775733136235916063341758884923622323777532926
161.2462175616940906041660713748861485716277484817913
161.7676625972346591307869118758945874585239559698394
163.7576737283108406276969780794254368523306129611868
164.6120093931756454229907543346819925745086105926103
165.7849132655712156658656369618645110416238953531716
166.8984076627878735371910668394376277812744823139434
168.8542152615191566500324150119276844393780957185555
170.4329617627562106600626924828647481435479685714339
171.3435913767245348564273929667373606132103311726571
172.1109726296460068916462074637535861735937143175256
173.5594350265921361471804589736353172594139336952741
174.6387255634250548260060269694940210630117092587326
176.3560413209382041587539791440362116352494668512969
177.7259420577480027808483631140575011960193960858797
178.7928649865600011304034350380931786953282017793209
180.2429351355140552783405349658893752778995677752101
181.5690410198014067424659236702507599683106719447185
182.3836847672303153650140007274053516339810497203386
183.7977731855809726856377575844467129141999665875878
184.3628313266472803306747292477770104874008574806909
186.8960606802271134804483399887402511596599805716789
187.9450259874231159867364241809972240651568965440420
188.9594686746299429679024157534003407512673176970674
190.1395967633932102576693456196045454015876456698756
190.9702222761120917217416693195514720792263825172027
192.8230754082351124952403107100924733903825477518504
193.5366786394328464762729501367958508864010976341417
195.0968146886402893063805930855068198605011968586369
196.5407645624496726701873374652927967937458520415934
197.8610095077236677152139807981406000337724917009992
199.0910217062412590553199980023993820450668520469300
