# Refined ζ zeros (PARTIAL: first 700 of 2000) at dps=80
# Source: Odlyzko seeded, Newton-refined
# Time: 232.5s for 700 zeros
14.13472514173469379045725198356247027078425711569924317568556746014996342980925676
21.02203963877155499262847959389690277733434052490278175462952040358759858606889079
25.01085758014568876321379099256282181865954967255799667249654200674509209844164427
30.42487612585951321031189753058409132018156002371544018096214603699332938933327791
32.93506158773918969066236896407490348881271560351703900928000344078481560863055098
37.58617815882567125721776348070533282140559735083079321833300111362214908961853724
40.91871901214749518739812691463325439572616596277727953616130366725328052872007126
43.32707328091499951949612216540680578264566837183687144687889368552108832230505362
48.00515088116715972794247274942751604168684400114442511777531251981409021641630831
49.77383247767230218191678467856372405772317829967666210078195575043351161151573928
52.97032147771446064414729660888099006382501788882122477990074814031756495030418803
56.44624769706339480436775947670612755278226447171663184545096984395847528027450564
59.34704400260235307965364867499221903109877280646666969812245175474680015269962979
60.83177852460980984425990182452400380291009045121917825710134882480849366729492056
65.11254404808160666087505425318370502934814929516672240596650108667534323266868541
67.07981052949417371447882889652221677010714495174555887419666955169490121895619698
69.54640171117397925292685752655473844301247420960251015732453999966338767227491048
72.06715767448190758252210796982616839048090662145669708668330615148840737239960840
75.70469069908393316832691676203034592281190353069740030164777530157419702770632358
77.14484006887480537268266485630463701579603244923446104176523145315113916425371510
79.33737502024936792276359287711622819061324674312003087843872049710154193267709099
82.91038085408603018316483749477060949750888059378214914657130628323592908635661909
84.73549298051705010573531120682774141710662793424081870273552968904527172893028054
87.42527461312522940653166785091921325217188640126902818645555793843969104952483068
88.80911120763446542368234807950937839544489340981867504219987161881401355918219841
92.49189927055848429625972524181068487872179402773064617509675048918102802605877094
94.65134404051988696659792581520815393772802701565485201959247427451348210532455847
95.87063422824530975874102921924678169525646122498799842052928165165110662536081792
98.83119421819369223332442013862232782065803906342819610281932172756554763976555316
101.3178510057313912287854479402923089063328663843008947999283187152301430827293124
103.7255380404783394163984081086952808344811730694957645198851657940365221083016488
105.4466230523260944936708324141118089972827539285351384805694471141814944475759629
107.1686111842764075151233519630861912134767078814047652792647104215524038209780972
111.0295355431696745246564503099443504153459683900730568461907947655055445417598922
111.8746591769926370856120787167705949603117498733858738166194196196907783644055029
114.3202209154527127658909372761910798099176577238298922877284310413062875758528432
116.2266803208575543821608043120647551273298512323832202838626423114747009794756221
118.7907828659762173229791397026998243473062105928093827841937165141990963221117735
121.3701250024206459189455329704999227230013106317287423025751326357346320416513922
122.9468292935525882008174603307700164962143898738635172119500349152885087758826196
124.2568185543457671847320079661299244415735387746935611403550769139590620972893618
127.5166838795964951242793237669060762680883098815549824827997793006823961285259883
129.5787041999560509857680339061799736086409532646594310304708399988608991051165656
131.0876885309326567235663724615013490592035475029750453831399244077747652456200153
133.4977372029975864501304920426406076649741749439046750151022588551630136007847426
134.7565097533738713313260641571697361783960686136471644169760931735484100568317105
138.1160420545334432001915551902824478598352746241462356853448285686501672304304088
139.7362089521213889504500465233824608467900525653826030813701354109038680914852720
141.1237074040211237619403538184753550903006608797476200321046650959660947587181333
143.1118458076206327394051238689139299662331024303546325485985229572806931441333493
146.0009824867655185474025075964246824289757412330958036369768849665857609395947678
147.4227653425596020495211850104315061687727752504768306010104608127381837443263819
150.0535204207848803514324672369593706230373215595282004484291112750625821484974186
150.9252576122414667618525246783056276024267704729967177003113549533632320978636149
153.0246938111988961982565442551854465085904349041455066751997675637946209937814905
156.1129092942378675697501893101691947465353085009429208038560781583943148503940587
157.5975918175940598875305031584987657307238995191417335382496176097855594275787827
158.8499881714204987241749947755402714143350830494269662577241834115455295137088373
161.1889641375960275194373441293695543649157903274754665791880937941188584210502609
163.0307096871819872433110390006879948969644614164776831152095916959017954783953405
165.5370691879004188300389193548747973283672517450686044789531546055804061437575656
167.1844399781745134409577562462103787364607692426167673611069934354089696331808130
169.0945154155688214895058711814318347966676485804416250873821491218823344969648554
169.9119764794116989666998435958217922883944371253413730185414416078008414783727106
173.4115365195915529598461186493455952541560660634201179336822853915310940953785290
174.7541915233657258133787624558669179387557176205716634456115474378997152082274379
176.4414342977104188888926410578609335281184971088097153476126157862568571939135226
178.3774077760999772858309354141844261831323614612725037014890408037488465646405879
179.9164840202569961393400366120512374536876075530184065413006706538173907362679159
182.2070784843664619154070372269877986907974577782399087666300645401878443230873252
184.8744678483875088009606466172342584133510229119506677731786446807013534369001831
185.5987836777074714665277042683926466129347176495132830889197962303851271473205542
187.2289225835018519916415405861312430168107346039903191514642031637338487945451159
189.4161586560169370848522890998453244913571030231933543554199421771060173597536592
192.0266563607137865472836314255834301058399202979770969162891234322102116765143730
193.0797266038457040474022057943760546040206158105488601385043558308844136986896424
195.2653966795292353214631878148622509269050524522869240601109766321843932245841772
196.8764818409583169486222639146962077357460286919422154828231731816319713879256597
198.0153096762519124249199187022088671550626954385709967215348015942392843857362895
201.2647519437037887330161334275481732224028636391867340806327197995196349024813453
202.4935945141405342776866606378643158210202448994200539090691542851163297587739188
204.1896718031045543307164383863136851365345292287419073509596802173991634291740299
205.3946972021632860252123793906930909237229147720484070021340954171463655615096717
207.9062588878062098615019679077536442686594037688839998586575275099286752052657678
209.5765097168562598528356442898867521753907831813261624689774533462047980184677356
211.6908625953653075639074867307192942533940309829356437362100148207771414677940941
213.3479193597126661906391220210726088218971832766330690598537045853659588055035506
214.5470447834914232229442010725906910455998880530830764000816199190406547877892028
216.1695385082637002658695633544981285754537142741641109763761505659409680710929278
219.0675963490213789856772565904372412451491829270113513735578749932379095360414994
220.7149188393140033691155926339063396567611450776619657016119320408256519374736421
221.4307055546933387320974751192760779502223310773199093794199515137872538433730786
224.0070002546043352117288755285048953560859899495955297629503606823345435004227817
224.9833246695822875037825236805286567720900544855874269884777525472056920039154488
227.4214442796792913104614361606596399639691483219766283648938200823896845716367604
229.3374133055253481077600833060557400827523413878185175326364924843561772640195747
231.2501887004991647738061867700103726067084958431233714068060303441400477220052753
231.9872352531802486037716685391978622054198339945624964847268238968307636748638912
233.6934041789083006407044947325697881795372277545658363630148087389401547012485475
236.5242296658162058024755079556629786895294952121891237009189609878191503842923328
237.7698204809252040032366259263871077941606193521160613068314418805549627246351560
239.5554775733276287402689320343344924817083183267061622313512084297539423001199026
241.0491577962165864128379214103356705496456828447220938453198673641284747685280162
242.8232719342226000168264744588785499539405437676149323831693082575287402605378974
244.0708984970781582368165279898445013471001907167703274568696407749225624144610442
247.1369900748974994675509681792081322678646420096271811990154300001361393282040295
248.1019900601484592567621420846569973558103812584433191621944824111581203800558083
249.5736896447072091923297941887399703426111306826707392088994942266529141147954932
251.0149477950160011429541551037080481523267828315366461406531434635548761418374635
253.0699867479994771945990137856180909300871502496449734979183399875051034059670193
255.3062564549140227530864917940014231579100328149634187240983440069942717408005549
256.3807136944344777893583823397295308712166523900327496495530601782274037424435100
258.6104394915313682089830586447591316321944062849900858933504596262990349824526032
259.8744069896780003506728446138765926661984814645702182272247269985055273556930949
260.8050845045968701859312334724645480349389538724254999334599748651406046280301151
263.5738939048701322330815881310233031703142194369938952839723013987322079839691236
265.5578518388763202924773089641849146410049861524847538189722214347285786216166623
266.6149737815010724957201129738679118066359571871701135341288744645978495659619429
267.9219150828240594403789671721856183742925681432827237930168175823254464777908942
269.9704490239976025946935053188984796629269052880563081538015745120455534491319023
271.4940556416449990181794167575228506935435195629904894646334008707556320209834611
273.4596091884032870457142502988017729228400996770935242890788953884640882249734598
275.5874926493438412487407026193777848264475285972284313062840970587901889327581116
276.4520495031329386798873436383992419480799666809988619852073123318804309955454466
278.2507435298419544927482767113162589261179006558867409519030470703246573509996293
279.2292509277451892284098804519553592834926374055612935947270093713273192919963049
282.4651147650520962330272011865010242055068362803458173593362143154106915326843545
283.2111857332338674204938379433289382984556848789586339452455224472394605337920501
284.8359639809047241331576339226962164631428279283119180896135431963003431790403722
286.6674453630028842928476241464149393438682262827778079774807533704180659322927603
287.9119205014221871552541202718675103854614194405706585451090262352755633078870665
289.5798549292188341527380235693523438896694983629425506965314403955489375780919246
291.8462913290673958355130544246385118828206355999821355456918257742958961906622987
293.5584341393562853567766971060350773437988343564709539283129209985692056448918211
294.9653696192655421750664486390096713430554458825506162234466499355121136681301986
295.5732548789582923884608314587786106372851571106302226643887919847629944879763746
297.9792770619434152099296829576828341810570971897989125018704723879459664466276024
299.8403260537213129600270525252937692542155700643429835609888756287818390800959758
301.6493254621941836234701002084179820811056100935232946172922740696807922704232084
302.6967495896069170517514770953529227629358204116814979441703373179985150468163636
304.8643713408572977001487499031444995925869458382419460603898577963854765916502166
305.7289126020368092892228212616609672569631595790823756315636025561067287247296420
307.2194961281700547894100333999345022674338482784228390897050714445782641218872054
310.1094631467018988047862197679989458347630131815328864783762523111188816406114284
311.1651415303560032709426708003548198991888049397038686244659142440834943647873991
312.4278011806008919804859830928742637628539400931529185079528355169101351902275409
313.9852857311589229790489657545763285680249815751541660300997804480506011924255636
315.4756160894757338685960781439537653357746976309896447059755587548757699827154720
317.7348059423701803956454942049681140152427405851479514484590875742962070061118552
318.8531042563165979066891845477491822030131024108853847068613780460259672475398215
321.1601343091135782919214714174306940297526627982922748382011805299331997277757746
322.1445586724829322988374450059885492603719802086144653948039863104033710775894762
323.4669695575120505062120304147951633567630871776945615656301938594785783282274276
324.8628660517396132649800869954004099198045210515331918057819497379802303529394323
327.4439012619054573434692638163207033566943482557319518745702164355093850032694294
329.0330716804809340336147275768039462036928256044214365466852316723285540425807419
329.9532397282338663438921221886314660583239216389489575391317605677111192949212376
331.4744675826634243756617538663448279232176003135119026934491465091536736403339624
333.6453785248698505849616830808794253808678264358918016145209524735906902287297995
334.2113548332443832324034079591924931541872770220014207220864647202036930516630676
336.8418504283906847946547629194118860072083685606284342220406302057737277225247022
338.3399928508066118862573260871632033909176435633470984759368202250461277511698097
339.8582167253635401923265509308739971831970442497694933054267133325402443702779842
341.0422611110465604825977845985369171873376474707372276085850636924678418553379279
342.0548775103635854514038250940980567151869306653954857775442116776774081037431039
344.6617029402523370441811880981991857827152424028149285132872771496674258457996340
346.3478705660099473959364598161519338981967354434628998677339718656050066135882607
347.2726775844204844757970948880699796760809284568555738032254756216951080667269641
349.3162608706961441231555557339937213360889055622388562616945534668550367286498410
350.4084193491920991876719532344872344696458736643310225421271428964062526490495919
351.8786490253592804367133930765969327299303196695854376618955973581311215090814504
353.4889004887188067836037686094353184133432651298926331473783030482664395993802115
356.0175749772649473179603619607664426757144455471938735394356567382238826656473556
357.1513022520396248096029282322903566117570811851179459374966363636690029181821178
357.9526851016322737551289189827774428234663847141383036423990544692008936861360026
359.7437549531144487992919859769902954053737457612974318680727123072156931626287017
361.2893616958046503902913112277152281908759416379958331525113126450559972908761458
363.3313305789738347473344495666147312700352457587547291133896384048670795018633217
364.7360241140889937162621021269404000172023003056899668333074619683988790873543460
366.2127102883313168610771451968065741791093753798606134952233588216239946625159123
367.9935754817403033261832980442078463990248820185165458645024749307036071563237624
368.9684380957343898915769012998919106381944137807110116946614251804733055665250873
370.0509192121060003396511630612666114224665939337687329815250049709284599174122604
373.0619283721128384491193964312853919029417727423128019637113491853331115200997281
373.8648739109085697447563627336594609496785079222636118213460474809123152100700553
375.8259127667393341079077141466930257529296666743552032021670294307139081898455611
376.3240922306680521171908196124275796129620266849760870775656942394187603267012791
378.4366802499654797240909659132035205563165309387578428883037380299750057348291128
379.8729753465323466510240596904462715681091569680418565825581226548885506160924934
381.4844686171865249196625224236573953657991983850425874641695806866520008892189469
383.4435294495364877043457554807225369041993110565089568216000228430836331945926905
384.9561168148636871037515842087935133902709291501235425740601032010787742370715237
385.8613008459742291805619593598032576156118065610182590224335267947891611095470320
387.2228902223879809759485147381098140909640392967067843622395812052339108681011988
388.8461283542322546008094203003735580573554058579381614585952827262984621742783971
391.4560835636380457705782281225541347722258701140723162605379856417222589825785410
392.2450833395190967490151841709928805623621884451367419110641067520205870412469060
393.4277438444340259366989529201288699204929289203455465703439353585103243735424720
395.5828700109937209708777113231416421360702439103567839924117372315221293752397208
396.3818542225921869319994544917305290637615996881021233435172895814827165919317615
397.9187362096142433869811797107986838044834012911820622459029271077257668173365891
399.9851198761948995059172998682896457706389099613931280089378617723041560250043829
401.8392286005332165399113043782872307264004003932594959901243749095286297838015760
402.8619177638861141763154430960396346968940414771052450109007428604907068657257397
404.2364418002080047402277995635276901961405867520480836983086403092271390401311129
405.1343874599099272574862680254167361627560584770203153390414192187691233552950670
407.5814603868961820763090011813905376405061449745096807792634629402554467908328655
408.9472455023511125196340397641579017956228917491911145520298200225440578583160243
410.5138691933666386467691052848671877896927072982703514640609026560629791916374449
411.9722678042787506646402985072729174075391250852942828546746487446003758264854819
413.2627360701850468862570593177290908706485585111708956734732166232033923124434950
415.0188097551551156463192114628172215098815107035936631185258041486121966780875941
415.4552149962945988571287824866698249316930172079539580419901748166549015936588476
418.3877057895347792260457230995547988241724091779246944852076203811655162963348243
419.8613648181523236878523091383828173933301690160615829575489773787480253574097362
420.6438276250417862679746529850004807024575190217891369002499813481673313790353550
422.0767100588267596298406654493813752742459181757779026020026414660064968544877645
423.7165796274818186105628747317660741892627935203699366424578907754287231252688210
425.0698824944613476143746926491564313421041573038894290685679046286068049710371443
427.2088250840745805281429338857115983851914938064005079889123188737184161230166639
428.1279140766166821103050684863181593092609387757059590911141417877161351280936092
430.3287454309386366699269815418548626841535052931512869266014146883713207997722570
431.3013069307035920195051219275556810535188269161207184442166499808890068853586165
432.1386417345885683062532491089527169051394883350037350604201796762484079036683067
433.8892184809272253029466110507929024488762246241606722270148339956227259807805625
436.1610064326469840718015182623780379898712511634091397170183308285806170565393454
437.5816981676685811540131672333254594987901417883274662553827758519198781848350941
438.6217386562721962909150101371703956297830981123319542792637832505691845925055922
439.9184422143706564102217900270240392808328161895293052416939367114282698218457704
441.6831992011890238742044364991679930714193236470244422851691337819702425392056443
442.9045463026094494697231024127662020660871362661315095401479585212448958455539066
444.3193362775591559203057435397906209455873176446522684965700112005372138857122892
446.8606226964295225288608751807467431376816488206461817808877816060979973401874596
447.4417041944932900655269253036091597304806963688752113728403905766554621356817095
449.1485456850233047530235031347046500033357456480592956571627662168784508679336943
450.1269457803135240300457625287817055143907653968445998801083674786316186898922936
451.4033084453887954621132246313588112042099737478604558238292515951325032965722838
453.9867378066779160383668102940048583722412109712298887389848530501892185435490808
454.9746837686167888753094389512709459269949012972986344576273642805198888660739300
456.3284266892460512244998300630554834984574853181660132762067270830026985427422526
457.9038930641029715746993291717876450448952123069538097155787439431030108424782060
459.5134152811060117540099438020414053836133088527316055836796517363996146990673491
460.0879444221758412553302554282065462455235537778690136589767851269120041587859184
462.0653672748825309638309211456184620432278175540016403594801500468518128061913910
464.0572869105482845762460847836666759158326832884072584984967920487339887911672233
465.6715392113710945529666457439955288514947620585415724938215547844229366917475364
466.5702869308262551673921259522644120910202841789388069444195435164039551866555905
467.4390462102616388566450013844468423201725247116421231575429876371201605083026823
469.5360045591120321918190688291231656780034355662591509081021799282243879808451865
470.7736554781016476901188794544363535409288505091005510817557960587886307450745007
472.7991746619088166582979926817700031969730597548113646047006536982471110261013587
473.8352323451396870738054680233830436906615988550266960503324072290186726720649677
475.6003393693757856054288199236799250624055188122579567818527677097612881659981299
476.7690152374845208528486891954683119208876147843388686352587655114018671297061728
478.0752637666709691998727274049095143198804288048791501394211137162901534521981812
478.9421815346348265383171017670384840219042431096018955317442231968000429642609637
481.8303393762865613666813762850975980902030039193406975121798314665121278077531701
482.8347827909823973065569966763216464686967441687771079470219724593991819126188981
483.8514272124825375601882210846681276888895869665367017192141120671148556420311202
485.5391481293560069300254236580821172608064717497631543609760645865957190160713702
486.5287182616512443523675262699414994362279235223054021690829000852860947833953598
488.3805670900174485271114306648119221917671884604174263239785485366196427527719642
489.6617615779561315127809041749771049741692726839195108843590673638644993408927602
491.3988215936630065692133310085391280176338475247298966412947917403403043859033394
493.3144415817853009363606040432270822346867591725733552331941669527624525594863356
493.9579978053694649095830912868851519854124679883775233799364480181256908797097865
495.3588288221312774968341327371705982626412473979766525706478447507159123352181929
496.4296962157591034839189128160730204362200110113463451665029253402449169611369579
498.5807824296865420166750829124879051615614763330537666566234920510798380016752028
500.3090849416904955393093907251714464727048703696477708761820178599251394668513820
501.6044469651454776633325457628511745334193865509914446383032855458846313869349491
502.2762703271182331753995073338853425486517078388515620789363011197124387256292399
504.4997733134277371837912622283613891551488170669189554882785519796477954112613908
505.4152317422444420295521661092828553381144965130467259442211990287922428921180067
506.4641527095235312215260747806452307392696266923315448289620754840671600724034587
508.8007003364678208094696725081919993377055879971635072956548655553044003440996238
510.2642279436728344207795176547349251301712579292975577223957828916651009114726515
511.5622897003745954604549044865991255703126837090133156438080176514273233133855352
512.6231445314074186671012549434810340696111316815442286414527822993329206677380712
513.6689855554736834362441464179261088279518932101240154184767849152402635496720971
515.4350571672993772496768936729573107081880707594390408670826405395159186322195882
517.5896685724674253413579652869405488327920580070468410155375235209103529093218510
518.2342231475501435738582743734798206690624362874126022730811881636556611822172737
520.1063104117232559031961461342618580756224417242936150757517533529296796243987122
521.5251934494920409677323981631941412037869991380407444881784835589980351894907504
522.4566961777302104301444133225125081375879779338787693999967380262604606391414467
523.9605308920158404870075094809721025339642372281127116263276564128212553134722110
525.0773856872796221805912176301380448888493474841637838009715515475906685142858019
527.9036416012723452296172680711541204258584454830887052872969750756843287103148860
528.4062138522926589416088966473836426626831574106993451944416589751922239624210867
529.8062263187069007981639833015648293570416892424157507599898188353473169606668361
530.8669178839610896443874345148560701761107642405437011647056739485746798772457210
532.6881830282937305051264455691435684763102859886714032540813005162044883075729959
533.7796307537687325654825460231354727219181193602596665427539454953691819416779447
535.6643140758732246170461231822747146814444989450627835847086777973310245435517533
537.0697590831223275883897377535822680387266363867807336949838333094465713894955994
538.4285261762479628435009552397815667706387013592611445943858470991988716016605419
540.2131663762281333836456689899633509530240351819000097422677635084963376234530653
540.6313902472951173601280775991759340270480484546508683420653830601562706553937776
541.8474371212012815471191135089067366934151217531362918815149610894818333037232385
544.3238901010052629031213087557608362045030422788811584555272286678609088451684925
545.6368332489348182548554397944220515668303321352026563753590191593438631771757542
547.0109120581222924636558817931250716642595039148346574722958399845066478822022688
547.9316133644893383104511594261455575254387856862583185492927651555718509674788821
549.4975675626613784599847338797735699636243165581983859719848833775003105088984586
550.9700100394838890456572340569938864736303083838976872826677725672977795229660316
552.0495722005648927925767025455695696804273669079461933061000563210198963110179690
553.7649721191588146171497825920935557112036942525994871810912245024111996589448297
555.7920205616825084165732214853551893266975692007843190396446368227846400983877119
556.8994764068553512619642186561463744726163206157198628206778721467289583994072338
557.5646591720585284085239898743312777888183550324380946664861911446403196652040015
559.3162370286821637609351422402057889715675462279734989916163384582726309196210809
560.2408074972956682417932763588605198265861769182696357202339896205841085007799703
562.5592076160458511081379166953245362396410219587845221278352223152832955738087440
564.1608791107861178138795335004065286639356707397358788568576456345794305155859161
564.5060559381498351222459689389768405769101460905025944477899176750426095470630837
566.6987876828079562415122806672407263184360841829383481062322804756576202074380758
567.7317579011769374503347304935750646417994098954363666273434588090344383945982345
568.9239551796293684967534874168661517305692672058451213870454386997105155948216479
570.0511147824635920385270166013278688405116228028523895817413509173893636929893304
572.4199841324527640452769271073468621494904472556764949941958314045529521522907693
573.6146105267581299872460321096433009372268955953460264083800407811682662133274067
575.0938860144948856074571722821982078525842416128132366540682235192703632113537510
575.8072471409287807094293328944304438530370211159636572483196716578187452897104883
577.0390034720982112166370896877391892967593675792452559496388870925782466844264264
579.0988346720366074312843643289211001480335260569362142472696192535721740237150602
580.1369593623846286727162763480332000091685124531054084240717998369534033664390990
581.9465762659016255515061145447239567325105631265863771609095173471021104054176761
583.2360882191672782619605736494856620973896260695754667066801219852948220644193510
584.5617059034655283669458933934544668492262988745066830999851484148342844273294177
585.9845632049883005741872589855889908382940603005188425326814336077303338611091295
586.7427718912501556447718450873452208747120650651238796521856849512059436921615125
588.1396632662479564175542352704907852914657791841458356280738897145771909536272365
590.6603975167652756310320033102742748607780169122220301250303726326157944264726693
591.7258580650480566492224464727405581310046200372774611441934983248502817951822519
592.5713583002255698207727161203164743040651228125424481199919285492110963469913902
593.9747146822310292438051745093816262202033130469287889516332049893823383156301610
595.7281536973889491770209207328678044226635443999573214545342745564931795830797411
596.3627683283936840895790970704623562038409026126623159831922672421338173573840159
598.4930773461647544010635829361100508373840350793091153358930320780217895070720581
599.5456403643648539975153951444454102922072079692266451941894720356638661897100860
601.6021367359326360517381075959685084746646526170391179382042508977166997835963893
602.5791678863873542988227245428378184579544330231905812311569293007258726187830680
603.6256189035791606722439668574515542055260068273588801388067906387348216575307281
604.6162184937532329146396027886492375358110927557542460315149181865162402346251679
606.3834604221090410886743112398837452138691477048368556222286793384786619012246900
608.4132173111873251751267237571796712431902527279680052448065340578879708048261956
609.3895751547200805273238795478987678479711335164053877433710221679416409733164193
610.8391629377394069267025377677788327119041980908962280919078964855170362207496867
611.7742096208872046351683619726569669044785302977714968593519472634826666824784572
613.5997786756371194051864561859143033969164209055278595589426189367911002600452559
614.6462378722326215255530839876192350523025682612368424979747142203936669372194160
615.5385633694070278534742658956994743899713473545245792876851489671622394519410890
618.1128313664423733825402270245809263632634162053510905205423226248275615515197406
619.1844825979536342490281464243118123940438476569260765736285391988775157225459864
620.2728936722275219190855725947928964013973689586421821595519109524783787309242117
621.7092945279486229572986330608483718565110277500936218995146928331272982350038645
622.3750027397790092178815437791235226710345925267442965730261848387456172668296581
624.2699000181778808347729470387499738705369717175612474019612882429967527751602094
626.0192834276543821983362174058955599554267547236844184577450672156929948430313235
627.2683968507830207519976455963832975694997877342629621845830548345642887728745280
628.3258623594603619359438156651215358396159383165381467230942487763462543719192281
630.4738874382920458706065867763485498501039882690803294414793115133444978405600058
630.8057809271975326418717252481468868339872966895142610448413095113430371978569352
632.2251411671159519521547059296104684572850875387903633020932391734990300739900395
633.5468582522517774841971334587824592878743176371903772001185441788814907159465647
635.5238003106054538105255817511178906057917934070971917101159913964159727694320181
637.3971931598373071737480742879294782583276665776969413704893391718837229280249739
637.9255139808225810934288397165238950757165376988885958874950274710993212268784138
638.9279382668567701937726909213718621920993383850806115559504113664264133390457048
640.6947946688256676231875384986977952089734686153181804901102888576020283879455112
641.9454996657052945453785385532174111105338042769501681102896990000119016483916851
643.2788837813978893611433628033571052195160797961008852505802551713826644074567139
644.9905782297480025124437123246992586259388082118290481611909717812515683647971289
646.3481915955015920338809416216623765380938628622691263070795977024287756060757075
647.7617530042888837937668089522488501120481233185342286984802827286106840631794367
648.7864008887824407710801337694745983596301837538751197210809422270019238758610530
650.1975193452564590832538975923563235259593667887350082313469169454584695932834929
650.6686838913959825305606330546754916218259933615201404928267279375187705225607309
653.6495716053946919020868649594493271571138917368654610072077284908771366227398868
654.3019205863193422754706163229817421251126323183434448996040250739356523530278307
655.7094630223556363160267427503958042888772079409505035832876808432580463957401699
656.9640845994606174228698965857639277925683384798933001373795474196122444911559961
658.1756144186053997448798079092766458149471303611055684817773396975327748016676055
659.6638459729641078311651821460236355644041256150454173861141216599480268763418801
660.7167325952792700521588812518146850471600825277063347343836755724759599908176996
662.2965864311004106443782663918056390286198083601637407002339028337265220360220749
664.2446046522730134498902572614377278701879703954689453000428769489773570299912209
665.3427630955990405427881697925160182302373986082084970290987586569686188917210956
666.5151477041729605487750958192320428225976913154308152292814668980376344404508528
667.1484948945554299410692132745327359495003733906044424531602968863302760134964509
668.9758488202351314061922796622634288949080284765872837469261200953364081128389895
670.3235852058625840344295533172217584499111449513648677695378687392921570480032650
672.4581835841697341813650863351780057639051060231949012642177331540097466114768441
673.0435782861476457701310406513206000102613976045719337117360589637512442133483694
674.3558978101231678961563201060879009985466540591549265215998267692206372334675781
676.1396743636267482031781357143434305252539590508112150724667544784011829776787334
677.2301806687639732478547995696129323010906177581551427223780136911120984037037605
677.8004447462213349189387573932694714798229476847348163948951323182686120593366145
679.7421978825282177195259389112699953456135514159006657181556611898657316319754566
681.8949915331518891094524110813676572785628747535676515014118650284288236649716338
682.6027350197505454875408366448711890959347581415633118515070929345834425141126254
684.0135498138695052361941279587945196166636740231345865356057396114124116223017669
684.9726298620984525457366617383444132491921417468785373636514111252781757696757402
686.1632235877279496034730067113885153934335592524256274206821900541400908864348929
687.9615431847036484827963374896850355277617992654951579223298299622437291219876508
689.3689413622723684232551928251725509009178325292804174275151852530162651797699031
690.4747350323503976939430894539029717296733470969352167288479866508064549430275054
692.4516844155208488498466523650592814302625701053740028804438732742323349888378849
693.1769700606018248456230975080931819507129861193397669132041461155901719621296213
694.5339086998731400156307045419322244287006641721657633886653013561569974096825654
695.7263359209267301678014282277293398930253552703567738349057705102538712570091975
696.6260699003456149709028185195611050569366108662284525967447574487043339811416973
699.1320954760135067108161695879511643127669861970225474974561598251227631611572083
700.2967391321434945680121498441102318192168349885565234309052484167292082933644846
701.3017429546461556851739140394757438996196373505236195095637401725377133119504643
702.2273431457605001194353198103374079756447995208795031682084148652554555137021403
704.0338392955253093226530722958260039567271041044114046046564262688378006124980530
705.1258139546192276668674794394391429219986615548362239135108604115815226682046707
706.1846547995179190258109850160010872721132171933049982045659824178467264035473950
708.2690708851098999952690286396296491089709362699466840246940632216740654170387286
709.2295885702843007090346933035619523511751686726000586229444022320286847169676920
711.1302741796854315654748563903775977821925981610435919376862407791823399384341815
711.9002899143753120389150790532116044380003781649476080940711142182981327309960851
712.7493834701012902546105743672214999289924623663907807512855049481797765208982849
714.0827718206693930769245271659682672645407211597256949163344135009241972687581893
716.1123964540521101481820264759308803733066291079199117391001160261794553336845137
717.4825697031001907144418975793226977666341639703240626412528355507360401667554006
718.7427865454858939884491826849093718650484968044905903690149636240622770954239870
719.6971009883656651326909608975887306013403354144388503906252741885360295180630949
721.3511622185364171283861586963583429951943719888733027207307587065224549905417253
722.2775049756742373403761436601858125358697720616377397750388542571586660430188489
723.8458210451284155116719224036801895288105671661968526615836682778965308148560746
724.5626138903790795922462167714048513283601101229965159314970616525786506678977978
727.0564032300493816176484052778908547699431822087409707365521601112481217392348337
728.4054815889340600347443552329310256047873916111261088283995396342632777525131501
728.7587497956142685661306322733904860822472201406424279394386837407196662774212351
730.4164821227564347099440393543578466815454819675621591321501533414194024323850587
731.4173549185985250807493569602953020102425405372448327115527994688386646111624436
732.8180527144998492085675268877710173064980865827464816958636672581602274091158368
734.7896432523779942523125100034045480269960853222495727717941801291958918550768167
735.7654592085783210769321888052322980023932745688144558052008452472916120840685994
737.0529289122653080423105408769888194233587336940964372003936530978628616312211764
738.5804211713738225217054480917100442744900401008867206859704412855621305075956526
739.9095236740419440297009593878332515204296151062362004210082415516743655615357128
740.5738074472950105150359715971530713246649854054611948955598789193758787749550424
741.7573355729416732758611620027917081786788900380979614293502478654971969640977545
743.8950131424736593815501491978661352871504090996734623914848091852460688962238217
745.3449895506118743256405484835926302084400558341798773198357688673622500776944743
746.4993058994323295096050066186273798779676199763698313652104390995179718139053831
747.6745636242695283595693678729526649630433100168266388927838710853076028827855618
748.2427544650845478685032946989341215482362441674042698294988169614046638454058587
750.6559503621242998668074383702946266550683870062652388808934908442852610259907715
750.9663810666508372684584196954287854227862412909191242107045255822206186307697832
752.8876215672023747495077050031265589404171068961750552733499332998351790999149758
754.3223704717126726851030862505928143318041481116133656631083482726221283013953342
755.8393089760378298727924403700043879568033383942254473912031756101020314336871923
756.7682484399509307201332102347440342886600511991152919858173881317395890615407999
758.1017292464125834114897682910439904201685579659422764880802602539567957149768367
758.9002382248923747674353929054097564823612180336251570845313054549721310997771306
760.2823669835120645318696008621036996769860327153876953539441306527888804185214721
762.7000332496910547280689999085766531655086463149879321464054423557246574214110525
763.5930661728372229969732471726643525444176077985911658972764859997039466292719635
764.3075227241802217362512258255529837254657080708051425327289895893251771786369691
766.0875400998362053944224648269211253503997471980630058705299469720312363457327678
767.2184721555395140824994101624042648771724861213858289530011555090926579824964073
768.2814618065092308234566650262148983278438040563600723743952582524330661620685713
769.6934072526244243250066549104190546809066595209522296391578335554617305214563367
771.0708393136783163211872219161192892494852384724220006388085424347217917880618020
772.9616175657570243378291659452684096708419036485671573625696901439987350746939940
774.1177446279405074021419093965571889946487430569237012925465120029249318338087698
775.0478470965805080500169929692055606518162999991490756857004049941099469050972231
775.9997119631714424777315826030311980589672465659666541689901000014465923997215475
777.2997485295925648165109770628749904340678302348469500278216106878557158664407205
779.1570769491890040639245377421199240695199532843846718749856010868444280821189314
780.3489250041816705381277835507949869521751802878063742342948802100308788339648117
782.1376643908120947543176873277865651751334937147270099256078003524696514854274308
782.5979439460735398661665057440929308298973777486838939715761741565466894733881351
784.2888226124655014631460996657758202878745554382808312949527073200542486510103266
785.7390897007150518406461877690786943018416507364819780244430870685670062554023410
786.4611474505062774598967874968784726833296965893366169608710103310251968930887754
787.4684638159100383814734996230300369640051173600739284500324123657333644175991012
790.0590923641195642949460032546819337543902570914035204677714585822604495895235780
790.8316204679210350190829313947982637224527779057020874321327491859235366195413278
792.4277076086045268663910701891214127956080021575341479835741146226228200694537443
792.8886525626225880422427532063530827860524952191537518502703697580741441568486910
794.4837918698931644813183752774461914190553029493126840918151547285910468206278754
795.6065961561624126279125580477651131218225783150963672076253194731075402245008909
797.2634700380355849161917045774173894746732756319514068119093908411848466704501915
798.7075701662962113096919534217282742101517705501196721861999802730527292175176629
799.6543362108976327728268906635375367826388158572041324424923713862681519329120426
801.6042464629820559666766161424372984839938314263873385611599250868585002197376759
802.5419848784181496624171410589680861263306715767119913848917210732258752807443509
803.2430962042701941902262290538203014260725522931696490402698814509465970039659798
804.7622391126617639515957839630378364378895441534575352602139889142844662975175723
805.8616356670948028368031915427265304326892551615302332281367475368397717800497148
808.1518149359937473923558585809423471962475758876650488946454559084618705871428197
809.1977833633007103877196047950183957500845467501961073322560098136237886627262492
810.0818048864070998915247299014713895479007917657797051895013188880406727933466127
811.1843588465062603378843274648800220770345396309940477039064906266726161937537553
812.7711083891093427198012886623248440905464632053855373778757809905450175274154255
814.0459136075109935019676007807201737932994001373455280486623300537752203762768825
814.8705396258725677840196869567854134266570546908545228292954112685200404638944844
816.7277377143947163165025748377240914351567832033862386899991258645484510407257348
818.3806688663616765115867750263053481087180806415320474528530859410717761735603310
819.2046421708238626058240388463376495499276190726535603664247089396144717807666948
820.7218984438692874664310218234591910171127839383699476238124827325182364236223380
821.7134541333794018098760344649677261230396404995102818141491741607088211613672855
822.1977574934042771435818555860501844193151340092368384814105627984842191976936618
824.5262938716297481637664849284594397265791929417637672111520718251334281899217749
826.0392873765743835480141635332204202663631849653562663406618161772217132931638264
826.9058109540807719796644509134941379920938463215759541736920400590372011978370471
828.3401743004899003705042150759218369303215603014212623048430682134340763972229387
829.4370109683093336230475914923186095013042142230168520814489833744397343958124196
830.8958840533174007300786176111416203111348662694134232356253877750084660967480937
831.7997776590705830743246083728402449437421628952982347545592178924609656888110381
833.0036409091541995383112542079931934210971439029637362750295009008189958806445712
834.6519151478255758073453398760137774166090579772743305362123794883534161555024592
836.6935761875918671688703407591464620759362869428054070769318739334682307441756152
837.3473350595315147674864163157214714454593880328751456384486529342737233103002274
838.2490219927321458365470959116261341279400322685466348260467730795772043174802031
839.4653948102824755503103022001162898350837153825541555246062373074220349953220254
841.0363898290134237244114847180076692465639739923366027029830369204675932844232832
842.0413542065263713333676992002025190964454882490570857366538624867131546637248916
844.1661966073507688213461011256678093742903188711278366765500865536222011939220947
844.8059939757637268812847766496365778052441001648556156790036642887490737369752776
846.1947699276939977636625185399766128278509048616119735695400581954934364141791231
847.9717176395120066363275847853761590192923395028056450759425170389010991401689840
848.4892811809435238248867303347245780488052737128598007821877331808143571677799696
849.8622743486978262643447147077563722259528472505921268236672450351834182670501066
850.6454484660040923782420481876587276522636897959236939282201266062425914770168293
853.1631125833891553258394720712667528806346562613714577455574151852552894886252405
854.0955117198690586200182216321021631242995180507802714385636294504548667881776968
855.2867102444049363482284375706015072465580008806031229785525142332755733569471392
856.4841174907916628540349249015969131399465566321969107861192067839905968472098538
857.3107406026038260329642299559945671772110931825238632833254850003098245093088211
858.9040264664756944128295737207587936244271334498453610809996423833252409258300147
860.4106708960146707515941401463273468470934477217644726370532007736537917278529901
861.1710982127153376059751104011421512195156410432512282203118643182227107486058032
863.1897197719089342361101300657386633080512598600206136212901357774333621058422111
864.3408239300695408556874997652442471611619690420311636245026567291858635238828628
865.5946643265159653951068770753935384874536044249049138552096732381912901237572485
866.4237399040426414629795886579517650052719903959202247214928491131519976235361373
867.6931226117850062387685271073210703885678009706323132030970302287449149372182270
868.6704942291315966678382745745771830269497615706530162608611719479687110400039591
870.8469023257540162057952754540789157638655976085711258905679619802109300508384614
872.1887508216132077558732280816324633564581865443979792349835910078813023427330157
873.0989789712819814983254029572893901801390410298517948342481403441981473481644916
873.9083892353375304396299857718943933161086000759685581537308200930680176453863745
875.9852851087803223743924411967406922859929796094325479020767910849326181583186850
876.6008258330274423972431300190737114360317770541501537778489191805359277208237515
877.6546983410334751440220931383240381039533877631899919216659501140930216443739960
879.3809519697909824564618000720346278168760944108493948769205558017391444298597154
880.8346488479393902830322872519732530695568089521276810431425020162860943256590824
882.3866966271964612523846504327688117775366709349507248160429882892343420772137491
883.4303318387016456845683374364288626173826123182998150305784268116827607934748777
884.1987431145947269603842791542748722212603435725840177741710063387405365043404293
885.2723044796171270511980861006008665409925408110188003917609509790478224862312086
886.8528019629162983720333299469746123885473952995282412140718833029979661184232075
888.4755666738171947737263887488626380586103491649280249686853382501517489532406646
889.7352942940907370974121881431157148725867228244694389650586269751112821660315944
890.8131321125280636861959243066803894002386460637414355599933917025136639316056082
892.3864332601558693417409992792235681839554047498687352436164991486056545790215916
893.1191175672942583361755429374495252873343301837923623743326443713062781496312391
894.8862923208687161421929036033816748995080676819454056618760756570729947049271031
895.3979196747829650553968593945628156396640311580806788471326840442209063169664335
896.6322515562027200335265867207904134895295273985999481788035371269077574854852691
899.2215226683834193900956439398532345143207881155826229410829220252752396924733565
899.8588846079374834442658553117030595878956986082293204102966259563292448634773517
900.8497398605213961178246412465387726875456358067148182658268921947563766841225417
902.2432075867522884616404478423805440652644227966544408572536813278990595156215955
903.0996744426304549466650463807456442755794392585422832694993971587677165742121355
904.7029027222813207743240914257169752769457918122215749612340097925582481628979979
905.8299407582222094048394107303137716517418749898030359216338715964997722843961466
907.6567294689675253115567135084725753774978258341665967866288482808530435772303568
908.3335436450609252807081966751943145178942107591051968731205374897377008516996167
910.1863340571798425653525516788078794869349987065709086840150202926334143616272504
911.2349514859555040925975012865871766379490851182073803654665627848780805867500180
912.3310456000355872488071671715155122171624861704438761650599845515316764547294504
912.8239992467433953779922166587374992654825177314681477171099953773154600917604023
914.7300969583756133383752392136998741270829336565301256032300837867562692293466556
916.3550008086427658914208429479995258863859185225977247216970306870750099582404765
917.8253775704267830264839643340486824888331467838733526548602599823322924722637383
918.8365352435290295712489826189529092979808335112560153037580430073350377074102524
919.4483444396823047817651293523179299286869492496644339643250256554717275716139358
921.1563955071548533673994052190259608785960454926798228889808989469407166613135118
922.5006293066367702662453290877733974814491042919019580301512991205232288758156146
923.2857198024222426739431025529606266590197990012562377472910795149514232411752195
924.7734839334766644162464557648302948883890652681849052783126911049728686328267085
926.5515527846030289415923750543765637830871430819425104993430311172411405332048524
927.8508589857535941478709615880757512237395828476353459220111571861712313606804294
928.6636593289348922887562903579446333273634384656967199345333839370645817372181039
929.8740928506477547771060674981577239400887429959111791488896443131798648719436406
931.0092113366280729542761667654513773840281448400240212691640864328584147503151577
931.8527407455200799216863423509979293218521680037095176918170444692847462152515642
934.3853068372584647544145411925794963447366515076739287746658735345940329099357286
934.9954248638464596176097376451676054273565520821631160034944392912313372673182346
936.2286493792829272137186639137728638061565562076801473752298059809465611571495577
937.5329257119703812729162338855826886965801223180209355633881350982881805758042911
939.0243008992183821842184187091795610691785890939878576936340656337113493189848412
939.6609406145281659856007544747411487930736779791157122203885667871411046963408243
941.1569996420423726077709969436868077800796685685314355691949048583415109607594096
942.0523416433754978743899456349823170885885910503176376194279430704907841552066681
944.1880358095727445119785016151035701613033849918156053309094417356416525437895163
945.3335625030459461415422389209964525265306232749883644781080318816494010438703922
946.7658422047278511567321672182413770305717785754711807020284112618820431115856272
947.0791830962548779651194745430296382638134322958707639906069411167248702243497147
948.3466462550449671666050859938359835910613261927851450302861290005925393700980717
950.1516126846438408647468103508454455650256213784323532930755706395074122323925978
951.0332487338235099744994104763981862826386151203192031635135378648023772419647635
952.7279886198506260846675213239326123176069681002677746065086824574474251194421008
954.1297192695514153367580094144169251503198730072666910866036255799212306338407922
954.8293089382166371195137628381016168627115500843269810166800897074043452938942775
956.6754793432897960231420321332276706241495379212118965514940143390593456299331454
957.5100525964237224677287691169323242856522376139729718320147487024476569249992292
958.4145933901361809700039994672547935902256348257451881516420497071588800686942507
959.4591688070681125609996090391543284638211327049385996379435494420155808312697677
961.6695724741927533426686575031986466238120604889828225057778921011442185402424853
963.1820866713114469971321899721716967047442977786005696014509305589993281384882080
963.5670401916122706718620995190067866386490034565616332410856246779807952111037932
965.0555796237511162249266948153071338835020395350356849131357635412414786918199850
966.1107548184102040187246212861197735979067365956372351211414343115281930798699990
967.3711537662628543151647782042484118948705752497055877871525478336383030610510146
968.6363019060873264080899054980830115029312756717180214719085205063523899247566219
970.1256105569411754792151195892404337812113364697608943172629344274023419411245948
971.0714914863857279402510345608562296492457411541813524367578107473620558744561947
973.1853612943011942216490969584507141797636350467214063128994432861079626849157280
973.8730789926535971942325634653269514703313155072872349797431348708517071449963284
974.7746350658374298753031548470237975252829038650538165059800799865445733015043224
976.1785024205896093441877981592437391927160986632694726445045124027263079126699547
976.9172021170506220214172671717878137777606809185177434446037749585329799369626265
978.7666715351129744540230067404250462618982522593051102995278756096713150736610525
980.5780006397744180613389525024755922728582340564648442192318864067069852638313990
981.2886153017589694593644343471294910890509117272412378684893715787177768178604978
982.3964851687789784014102218722009353245991511730254338196737033624504079375225429
983.5750760064313287555331134427599611364785795887875441250067811389973107880680628
985.1869286557734357695285651490315301945880981736061509236145999796083626570522678
986.1305151101845266493739882186301619796372489466827009179959840140581826310726144
986.7560084076560356217778391176727573451275833436553832988371272012168515899807413
988.9926223706574066073661836667137148370103617132370681497428483734779471283504088
990.2239178040279723629781305763692876781632574008997709708203531905633488259860362
991.3742941477615054318634332602861476863092391821222031569638614068942006839596408
992.7286963367326594436273969330933778239329884860306577834746429686510259044854277
993.2145809574429537075230711213440539003241886419353380521071617188191292388574129
994.4045905710944919000278054662348766736722442084493614380705540165475302110388732
996.2053361642982864835279814493016994643348318080403050627720790947359424403150252
997.5119347519392292110298400754401931267384926231157101789929896618434497097421270
998.8275471369296331305196154466393677103043727188378268368024023373034180753290961
999.7915715574129404631631471578470673915435140586403357561362160025940370705970415
1001.349482637782737122103309653106170598274501285491125224482481635114802632414943
1002.404305488391711308159327566435846463933433874751172790729687639629927124417526
1003.267808179453248257528201901448029257879292349895707937008870174841229252165812
1004.675044121172894226133346869600494216045108798393580163384063697458520580731485
1005.543420304378364196611048104143931911345559093080200180442465648514606864935365
1008.006704307063646198139820125100989081703794473854867650907354383329045446716939
1008.795709900742282345772557109760425892423377910050921951253033844741355155887499
1009.806590746964629457281935748602632235044028458702089464251034429784345422032907
1010.569757011061075898566515691832020086368953862568428827994111984580138716836999
1012.410042515761596842853261844371912927082673950314785084941574333588891257668976
1013.058638098408985072652637654348708751004738126928510433363470588725247474575685
1014.689632622370404688146437953482768061257395570807535188181397202907451202790404
1016.060178942647378130289794892061970274201699204435084506542260593428907919679644
1017.266402364355406669714861979795863901882670858122578693392188150750018403811584
1018.605572518620154950983567566529886016423313700640563446524081169842161060930686
1019.912439743944038361671516695172601531482735387852595480975045298341589107145412
1020.917475017263678316147084492092774722072379284582141523860733022673933388070721
1021.544344499904651907124084968307082579636001840777164357380895265996348319960711
1022.885270911716347825999663431359070027588779717396855840728529078665441895463504
1025.265724197727696366628311778262356223427624879127207158596545785339012870319054
1025.707944371462889237727701246627397376139649125831761076012948494454914374849955
1027.467693515587770273397423021363074477447471606807762337032328485494443786098818
1028.128964255497517877669531774843522433045152752391872238283573166728647136460256
1029.227297443961366731128703604422482394257144014496490018044580516905687909073697
1030.897368790596523560726555739542060674678096340068328829828659397667903308333916
1031.833180297407762541224224226352484073105663204070591254567729539347795527679586
1032.812883035158851460651440958320267661754104766600059146671017033188593695394066
1034.612915529520810066174340649535044022064165110501134221421960241052373888283113
1036.195917358054740253982927886486799583583473192864538300011938779800120196929702
1037.024707646281749750577263976311660032825392178871517992475889790126590541685835
1038.087752240618836437346942336171027055310504273233453250164463971844509379437872
1039.077401436896688726679598801388520133577921423638610818788966635055676184683632
1040.264037937695760831152926051990186371151385680684365898851006172014939389977485
1041.621528014542274154711708434249308852563384175161667222939127245426672425771644
1043.623954349621493870450095451980927115443423672007712661265536055167625477885136
1044.514975829078768114603313372560905703727429053243893365411564536927525806064362
1045.107042352977911390650395537655819567093100890136931843892931809332455492382809
1047.089817484294784221114650515913112289892453753517734747478585509846966382675669
1047.987147489600471131321596509933015624699611249374861744171037051988886213597436
1048.953785194685961633057024543533611307553381361763073831521056095701853020146888
1049.996284256593219755630199793291834750572497055730467458765408420974788809445113
1051.576571843205195795578149320742417098192880247078863514611678591371084457574775
1053.245785158385757625610520759071647560076964874407761740827884906367310571514098
1054.781039478281349906798792954095313599621041337314308374634750629769086012366462
1055.002146475685736209353382433418439334994824087820375392667114908777964830505547
1056.688847363828229857524790648794053094294986076644120346597979086151839684845562
1057.100043659617783603061085717955448152149322228267346077569116231054104215788912
1059.133769106897146229421299692402923350964945022287319321615150153014784463202512
1060.139518561607819097238993408785591309738396838937211929355078533057013152715320
1061.501304465068420063120211832353080197492806272866527138661644676795754816241715
1062.915381507880563602453374699601995062655289028085367647507659792102366950413547
