9.222379399921102522243767192743478135529
13.90754986139213440644668132877021949176
17.44277697823447331355152513712726271977
19.65651314195496100012728175632130280163
22.33610363720986727568267445923624619252
25.27463654811236535674532419313346311860
26.80439115835040303257574923358456474715
28.83168262418687544502196191298438972569
31.17820949836025906449218889077405585465
32.77487538223120744183045567331198999910
35.19699584121007259421991908434915014457
36.74146297671030649582326496066147677632
37.75391597562427047841879244534662186252
40.21903437422132048462923212843893000885
41.73049228930784883112244640313318958457
43.59174123557517033366400266031092495435
45.04007921377559647602260039696535950183
46.19731875314330959537038228741598531328
48.35905247802366954264497447632089472652
49.27605353655817840918763046889689170684
51.15656028143634522883873402450688406786
53.06671423542580934090744209845230661207
54.09995263156227299428812356403873869991
55.21778745348462289129267300312660032159
56.71529404472536648104328253267998043467
58.58016100791409606267965221508408364820
59.78593800331714173127561698356767358525
61.13672295792759162593954875795051716584
62.66499232632439327461447141368305847040
64.08664571913868223421070317325958296997
64.84864129261636325761017096969249895148
66.49476926719660652246399405969025512018
67.93861133869356812171458142661963797712
69.04339809239034739684797451835552012779
71.11525728673692810554004621251222700370
71.75231393445465852175459103383069908017
72.81741291504670608180444302204417758609
74.10637003143226157951987886086838511436
75.75435062397539148753633724915719623219
77.06013772082039848977178300548120157023
77.12732773293719382361911333967191257493
79.22783066122888605005597826484249897568
79.42382532203768399541731001550550796724
79.48670686346603911455360732438323785994
79.78676654793353645204085821430305977968
80.04420346135698085274652421250340477007
80.54456996718140238498308685899126653850
80.56475074076795418615780305452895476111
81.86314542309511810432245072926155419690
81.91069903016953843464831472240731244847
82.02261610819863464514984754448674578109
82.89340250650077472670909088408587192286
83.04754153838434680920417606423587804162
83.95743470869145907972242646017692736637
83.97882496178536822386075295542104862514
84.06114533301280962053089985696572547009
85.28115286557356376277624871320077311391
85.47715758439371503603534933912164762136
86.70921256150492041890117595345676327136
86.72806145647480022505789890245540119621
87.82194916933452754045469395681995999379
88.09533711057242947474269394637048088859
90.37114219429526336690267130961636439212
90.43151667975173959478334059471844722018
90.47424351972444904863992620082473585872
91.14464362653574724776559991668344722956
92.39381047936055854248303374319811667793
92.43378165463320531561163369878328517961
92.44600599926274862549424008138131729498
92.79244053107420172223143821424939051995
93.36082778892856327041977493741365600965
93.38585321624268408240874994496676020662
94.94352854880191456956735140848434832143
94.95733036403615394874855043608848245130
94.98637289288750356635814738214347619301
95.32010406902150249495675649958452560370
97.19100640910648129641378831762031311114
97.21828844390408052736776635859734571891
97.29379684797956263074346095550385574139
99.55715035208027011610192322009630277937
