# zeta zeros (imaginary parts), dps=80, N=100 (demonstration; full grids omitted due to compute budget)
14.134725141734693790457251983562470270784257115699243175685567460149963429809257
21.022039638771554992628479593896902777334340524902781754629520403587598586068891
25.010857580145688763213790992562821818659549672557996672496542006745092098441644
30.424876125859513210311897530584091320181560023715440180962146036993329389333278
32.935061587739189690662368964074903488812715603517039009280003440784815608630551
37.586178158825671257217763480705332821405597350830793218333001113622149089618537
40.918719012147495187398126914633254395726165962777279536161303667253280528720071
43.327073280914999519496122165406805782645668371836871446878893685521088322305054
48.005150881167159727942472749427516041686844001144425117775312519814090216416308
49.773832477672302181916784678563724057723178299676662100781955750433511611515739
52.970321477714460644147296608880990063825017888821224779900748140317564950304188
56.446247697063394804367759476706127552782264471716631845450969843958475280274506
59.34704400260235307965364867499221903109877280646666969812245175474680015269963
60.831778524609809844259901824524003802910090451219178257101348824808493667294921
65.112544048081606660875054253183705029348149295166722405966501086675343232668685
67.079810529494173714478828896522216770107144951745558874196669551694901218956197
69.54640171117397925292685752655473844301247420960251015732453999966338767227491
72.067157674481907582522107969826168390480906621456697086683306151488407372399608
75.704690699083933168326916762030345922811903530697400301647775301574197027706324
77.144840068874805372682664856304637015796032449234461041765231453151139164253715
79.337375020249367922763592877116228190613246743120030878438720497101541932677091
82.910380854086030183164837494770609497508880593782149146571306283235929086356619
84.735492980517050105735311206827741417106627934240818702735529689045271728930281
87.425274613125229406531667850919213252171886401269028186455557938439691049524831
88.809111207634465423682348079509378395444893409818675042199871618814013559182198
92.491899270558484296259725241810684878721794027730646175096750489181028026058771
94.651344040519886966597925815208153937728027015654852019592474274513482105324558
95.870634228245309758741029219246781695256461224987998420529281651651106625360818
98.831194218193692233324420138622327820658039063428196102819321727565547639765553
101.31785100573139122878544794029230890633286638430089479992831871523014308272931
103.72553804047833941639840810869528083448117306949576451988516579403652210830165
105.44662305232609449367083241411180899728275392853513848056944711418149444757596
107.1686111842764075151233519630861912134767078814047652792647104215524038209781
111.02953554316967452465645030994435041534596839007305684619079476550554454175989
111.8746591769926370856120787167705949603117498733858738166194196196907783644055
114.32022091545271276589093727619107980991765772382989228772843104130628757585284
116.22668032085755438216080431206475512732985123238322028386264231147470097947562
118.79078286597621732297913970269982434730621059280938278419371651419909632211177
121.37012500242064591894553297049992272300131063172874230257513263573463204165139
122.94682929355258820081746033077001649621438987386351721195003491528850877588262
124.25681855434576718473200796612992444157353877469356114035507691395906209728936
127.51668387959649512427932376690607626808830988155498248279977930068239612852599
129.57870419995605098576803390617997360864095326465943103047083999886089910511657
131.08768853093265672356637246150134905920354750297504538313992440777476524562002
133.49773720299758645013049204264060766497417494390467501510225885516301360078474
134.75650975337387133132606415716973617839606861364716441697609317354841005683171
138.11604205453344320019155519028244785983527462414623568534482856865016723043041
139.73620895212138895045004652338246084679005256538260308137013541090386809148527
141.12370740402112376194035381847535509030066087974762003210466509596609475871813
143.11184580762063273940512386891392996623310243035463254859852295728069314413335
146.00098248676551854740250759642468242897574123309580363697688496658576093959477
147.42276534255960204952118501043150616877277525047683060101046081273818374432638
150.05352042078488035143246723695937062303732155952820044842911127506258214849742
150.92525761224146676185252467830562760242677047299671770031135495336323209786361
153.02469381119889619825654425518544650859043490414550667519976756379462099378149
156.11290929423786756975018931016919474653530850094292080385607815839431485039406
157.59759181759405988753050315849876573072389951914173353824961760978555942757878
158.84998817142049872417499477554027141433508304942696625772418341154552951370884
161.18896413759602751943734412936955436491579032747546657918809379411885842105026
163.03070968718198724331103900068799489696446141647768311520959169590179547839534
165.53706918790041883003891935487479732836725174506860447895315460558040614375757
167.18443997817451344095775624621037873646076924261676736110699343540896963318081
169.09451541556882148950587118143183479666764858044162508738214912188233449696486
169.91197647941169896669984359582179228839443712534137301854144160780084147837271
173.41153651959155295984611864934559525415606606342011793368228539153109409537853
174.75419152336572581337876245586691793875571762057166344561154743789971520822744
176.44143429771041888889264105786093352811849710880971534761261578625685719391352
178.37740777609997728583093541418442618313236146127250370148904080374884656464059
179.91648402025699613934003661205123745368760755301840654130067065381739073626792
182.20707848436646191540703722698779869079745777823990876663006454018784432308733
184.87446784838750880096064661723425841335102291195066777317864468070135343690018
185.59878367770747146652770426839264661293471764951328308891979623038512714732055
187.22892258350185199164154058613124301681073460399031915146420316373384879454512
189.41615865601693708485228909984532449135710302319335435541994217710601735975366
192.02665636071378654728363142558343010583992029797709691628912343221021167651437
193.07972660384570404740220579437605460402061581054886013850435583088441369868964
195.26539667952923532146318781486225092690505245228692406011097663218439322458418
196.87648184095831694862226391469620773574602869194221548282317318163197138792566
198.01530967625191242491991870220886715506269543857099672153480159423928438573629
201.26475194370378873301613342754817322240286363918673408063271979951963490248135
202.49359451414053427768666063786431582102024489942005390906915428511632975877392
204.18967180310455433071643838631368513653452922874190735095968021739916342917403
205.39469720216328602521237939069309092372291477204840700213409541714636556150967
207.90625888780620986150196790775364426865940376888399985865752750992867520526577
209.57650971685625985283564428988675217539078318132616246897745334620479801846774
211.69086259536530756390748673071929425339403098293564373621001482077714146779409
213.34791935971266619063912202107260882189718327663306905985370458536595880550355
214.5470447834914232229442010725906910455998880530830764000816199190406547877892
216.16953850826370026586956335449812857545371427416411097637615056594096807109293
219.0675963490213789856772565904372412451491829270113513735578749932379095360415
220.71491883931400336911559263390633965676114507766196570161193204082565193747364
221.43070555469333873209747511927607795022233107731990937941995151378725384337308
224.00700025460433521172887552850489535608598994959552976295036068233454350042278
224.98332466958228750378252368052865677209005448558742698847775254720569200391545
227.42144427967929131046143616065963996396914832197662836489382008238968457163676
229.33741330552534810776008330605574008275234138781851753263649248435617726401957
231.25018870049916477380618677001037260670849584312337140680603034414004772200528
231.98723525318024860377166853919786220541983399456249648472682389683076367486389
233.69340417890830064070449473256978817953722775456583636301480873894015470124855
236.52422966581620580247550795566297868952949521218912370091896098781915038429233
